"","V1","V2","V3","V4","V5"
"1",0.182608695652174,0.11304347826087,0.339130434782609,0.156521739130435,0.208695652173913
"2",0.161904761904762,0.123809523809524,0.371428571428571,0.152380952380952,0.19047619047619
"3",0.132075471698113,0.113207547169811,0.452830188679245,0.141509433962264,0.160377358490566
"4",0.168224299065421,0.121495327102804,0.420560747663551,0.14018691588785,0.149532710280374
"5",0.144067796610169,0.11864406779661,0.440677966101695,0.127118644067797,0.169491525423729
"6",0.11304347826087,0.139130434782609,0.426086956521739,0.121739130434783,0.2
"7",0.128712871287129,0.108910891089109,0.356435643564356,0.128712871287129,0.277227722772277
"8",0.134615384615385,0.144230769230769,0.269230769230769,0.115384615384615,0.336538461538462
"9",0.142857142857143,0.133333333333333,0.276190476190476,0.104761904761905,0.342857142857143
"10",0.15625,0.109375,0.328125,0.1171875,0.2890625
"11",0.172413793103448,0.103448275862069,0.379310344827586,0.137931034482759,0.206896551724138
"12",0.19672131147541,0.0983606557377049,0.336065573770492,0.163934426229508,0.204918032786885
"13",0.252525252525253,0.121212121212121,0.242424242424242,0.181818181818182,0.202020202020202
"14",0.280373831775701,0.102803738317757,0.242990654205607,0.14018691588785,0.233644859813084
"15",0.276595744680851,0.106382978723404,0.24468085106383,0.138297872340426,0.234042553191489
"16",0.269662921348315,0.112359550561798,0.213483146067416,0.146067415730337,0.258426966292135
"17",0.215189873417722,0.151898734177215,0.227848101265823,0.139240506329114,0.265822784810127
"18",0.194805194805195,0.168831168831169,0.246753246753247,0.142857142857143,0.246753246753247
"19",0.218390804597701,0.160919540229885,0.275862068965517,0.160919540229885,0.183908045977011
"20",0.247191011235955,0.134831460674157,0.235955056179775,0.202247191011236,0.179775280898876
"21",0.240384615384615,0.134615384615385,0.25,0.163461538461538,0.211538461538462
"22",0.209677419354839,0.0967741935483871,0.258064516129032,0.120967741935484,0.314516129032258
"23",0.165467625899281,0.0863309352517986,0.244604316546763,0.115107913669065,0.388489208633094
"24",0.211678832116788,0.0875912408759124,0.182481751824818,0.116788321167883,0.401459854014599
"25",0.169642857142857,0.107142857142857,0.205357142857143,0.125,0.392857142857143
"26",0.247787610619469,0.141592920353982,0.185840707964602,0.150442477876106,0.274336283185841
"27",0.244897959183673,0.173469387755102,0.255102040816327,0.112244897959184,0.214285714285714
"28",0.288461538461538,0.144230769230769,0.269230769230769,0.134615384615385,0.163461538461538
"29",0.238532110091743,0.155963302752294,0.330275229357798,0.128440366972477,0.146788990825688
"30",0.274336283185841,0.123893805309735,0.300884955752212,0.15929203539823,0.141592920353982
"31",0.242718446601942,0.135922330097087,0.320388349514563,0.155339805825243,0.145631067961165
"32",0.238636363636364,0.136363636363636,0.340909090909091,0.136363636363636,0.147727272727273
"33",0.170454545454545,0.125,0.397727272727273,0.136363636363636,0.170454545454545
"34",0.135416666666667,0.114583333333333,0.458333333333333,0.15625,0.135416666666667
"35",0.177966101694915,0.110169491525424,0.432203389830508,0.110169491525424,0.169491525423729
"36",0.179487179487179,0.111111111111111,0.435897435897436,0.136752136752137,0.136752136752137
"37",0.216666666666667,0.1,0.441666666666667,0.108333333333333,0.133333333333333
"38",0.201834862385321,0.0917431192660551,0.467889908256881,0.128440366972477,0.110091743119266
"39",0.32089552238806,0.0895522388059701,0.365671641791045,0.111940298507463,0.111940298507463
"40",0.315789473684211,0.140350877192982,0.289473684210526,0.12280701754386,0.131578947368421
"41",0.294117647058824,0.156862745098039,0.235294117647059,0.166666666666667,0.147058823529412
"42",0.184210526315789,0.157894736842105,0.25,0.25,0.157894736842105
"43",0.210526315789474,0.144736842105263,0.236842105263158,0.223684210526316,0.184210526315789
"44",0.1625,0.175,0.2375,0.2375,0.1875
"45",0.172839506172839,0.172839506172839,0.197530864197531,0.222222222222222,0.234567901234568
"46",0.172413793103448,0.172413793103448,0.229885057471264,0.195402298850575,0.229885057471264
"47",0.166666666666667,0.166666666666667,0.226190476190476,0.19047619047619,0.25
"48",0.194444444444444,0.222222222222222,0.222222222222222,0.166666666666667,0.194444444444444
"49",0.21875,0.21875,0.21875,0.171875,0.171875
"50",0.217391304347826,0.188405797101449,0.231884057971014,0.188405797101449,0.173913043478261
"51",0.231884057971014,0.173913043478261,0.202898550724638,0.202898550724638,0.188405797101449
"52",0.205479452054795,0.164383561643836,0.246575342465753,0.178082191780822,0.205479452054795
"53",0.220588235294118,0.176470588235294,0.176470588235294,0.176470588235294,0.25
"54",0.235294117647059,0.176470588235294,0.191176470588235,0.176470588235294,0.220588235294118
"55",0.27536231884058,0.217391304347826,0.159420289855072,0.173913043478261,0.173913043478261
"56",0.294117647058824,0.176470588235294,0.235294117647059,0.141176470588235,0.152941176470588
"57",0.234042553191489,0.159574468085106,0.308510638297872,0.138297872340426,0.159574468085106
"58",0.211111111111111,0.155555555555556,0.311111111111111,0.133333333333333,0.188888888888889
"59",0.156626506024096,0.132530120481928,0.337349397590361,0.144578313253012,0.228915662650602
"60",0.196428571428571,0.116071428571429,0.321428571428571,0.125,0.241071428571429
"61",0.281481481481481,0.118518518518519,0.259259259259259,0.148148148148148,0.192592592592593
"62",0.274336283185841,0.106194690265487,0.221238938053097,0.150442477876106,0.247787610619469
"63",0.369747899159664,0.109243697478992,0.142857142857143,0.151260504201681,0.226890756302521
"64",0.373913043478261,0.121739130434783,0.173913043478261,0.130434782608696,0.2
"65",0.361111111111111,0.12037037037037,0.166666666666667,0.157407407407407,0.194444444444444
"66",0.381443298969072,0.134020618556701,0.175257731958763,0.144329896907216,0.164948453608247
"67",0.411764705882353,0.107843137254902,0.137254901960784,0.137254901960784,0.205882352941176
"68",0.434782608695652,0.119565217391304,0.152173913043478,0.119565217391304,0.173913043478261
"69",0.409638554216867,0.144578313253012,0.120481927710843,0.120481927710843,0.204819277108434
"70",0.379310344827586,0.149425287356322,0.160919540229885,0.126436781609195,0.183908045977011
"71",0.333333333333333,0.137931034482759,0.160919540229885,0.160919540229885,0.206896551724138
"72",0.204081632653061,0.122448979591837,0.163265306122449,0.173469387755102,0.336734693877551
"73",0.229166666666667,0.125,0.166666666666667,0.145833333333333,0.333333333333333
"74",0.277227722772277,0.108910891089109,0.158415841584158,0.128712871287129,0.326732673267327
"75",0.414414414414414,0.0900900900900901,0.162162162162162,0.135135135135135,0.198198198198198
"76",0.41,0.1,0.17,0.15,0.17
"77",0.43298969072165,0.103092783505155,0.175257731958763,0.164948453608247,0.123711340206186
"78",0.354430379746835,0.126582278481013,0.189873417721519,0.164556962025316,0.164556962025316
"79",0.397590361445783,0.120481927710843,0.180722891566265,0.144578313253012,0.156626506024096
"80",0.373493975903614,0.144578313253012,0.204819277108434,0.132530120481928,0.144578313253012
"81",0.282051282051282,0.179487179487179,0.192307692307692,0.166666666666667,0.179487179487179
"82",0.329268292682927,0.170731707317073,0.195121951219512,0.182926829268293,0.121951219512195
"83",0.305882352941176,0.176470588235294,0.211764705882353,0.164705882352941,0.141176470588235
"84",0.333333333333333,0.150537634408602,0.258064516129032,0.150537634408602,0.10752688172043
"85",0.217741935483871,0.129032258064516,0.379032258064516,0.17741935483871,0.0967741935483871
"86",0.217391304347826,0.130434782608696,0.356521739130435,0.191304347826087,0.104347826086957
"87",0.210526315789474,0.140350877192982,0.333333333333333,0.192982456140351,0.12280701754386
"88",0.263157894736842,0.210526315789474,0.197368421052632,0.144736842105263,0.184210526315789
"89",0.215189873417722,0.215189873417722,0.215189873417722,0.189873417721519,0.164556962025316
"90",0.193181818181818,0.147727272727273,0.25,0.215909090909091,0.193181818181818
"91",0.223529411764706,0.129411764705882,0.258823529411765,0.2,0.188235294117647
"92",0.226190476190476,0.142857142857143,0.214285714285714,0.202380952380952,0.214285714285714
"93",0.246376811594203,0.173913043478261,0.173913043478261,0.260869565217391,0.144927536231884
"94",0.3,0.15,0.175,0.2375,0.1375
"95",0.408602150537634,0.182795698924731,0.150537634408602,0.150537634408602,0.10752688172043
"96",0.444444444444444,0.141414141414141,0.161616161616162,0.121212121212121,0.131313131313131
"97",0.444444444444444,0.171717171717172,0.121212121212121,0.131313131313131,0.131313131313131
"98",0.431818181818182,0.159090909090909,0.125,0.159090909090909,0.125
"99",0.363636363636364,0.222222222222222,0.111111111111111,0.161616161616162,0.141414141414141
"100",0.307692307692308,0.230769230769231,0.142857142857143,0.142857142857143,0.175824175824176
"101",0.415094339622642,0.19811320754717,0.113207547169811,0.122641509433962,0.150943396226415
"102",0.362637362637363,0.186813186813187,0.10989010989011,0.175824175824176,0.164835164835165
"103",0.333333333333333,0.142857142857143,0.142857142857143,0.161904761904762,0.219047619047619
"104",0.222222222222222,0.177777777777778,0.188888888888889,0.188888888888889,0.222222222222222
"105",0.229166666666667,0.15625,0.1875,0.197916666666667,0.229166666666667
"106",0.295454545454545,0.136363636363636,0.159090909090909,0.193181818181818,0.215909090909091
"107",0.317757009345794,0.177570093457944,0.130841121495327,0.186915887850467,0.186915887850467
"108",0.291666666666667,0.208333333333333,0.15625,0.1875,0.15625
"109",0.258426966292135,0.202247191011236,0.157303370786517,0.191011235955056,0.191011235955056
"110",0.25,0.176470588235294,0.176470588235294,0.220588235294118,0.176470588235294
"111",0.256410256410256,0.166666666666667,0.205128205128205,0.205128205128205,0.166666666666667
"112",0.214285714285714,0.122448979591837,0.23469387755102,0.204081632653061,0.224489795918367
"113",0.256198347107438,0.12396694214876,0.264462809917355,0.15702479338843,0.198347107438017
"114",0.274193548387097,0.112903225806452,0.266129032258065,0.120967741935484,0.225806451612903
"115",0.324324324324324,0.135135135135135,0.234234234234234,0.135135135135135,0.171171171171171
"116",0.284403669724771,0.110091743119266,0.247706422018349,0.155963302752294,0.201834862385321
"117",0.283018867924528,0.141509433962264,0.226415094339623,0.169811320754717,0.179245283018868
"118",0.338461538461538,0.107692307692308,0.207692307692308,0.184615384615385,0.161538461538462
"119",0.383177570093458,0.168224299065421,0.14018691588785,0.158878504672897,0.149532710280374
"120",0.410714285714286,0.133928571428571,0.178571428571429,0.142857142857143,0.133928571428571
"121",0.321428571428571,0.130952380952381,0.261904761904762,0.154761904761905,0.130952380952381
"122",0.258823529411765,0.152941176470588,0.247058823529412,0.164705882352941,0.176470588235294
"123",0.30379746835443,0.126582278481013,0.227848101265823,0.164556962025316,0.177215189873418
"124",0.341772151898734,0.126582278481013,0.20253164556962,0.151898734177215,0.177215189873418
"125",0.2875,0.125,0.2375,0.1625,0.1875
"126",0.338235294117647,0.147058823529412,0.205882352941176,0.147058823529412,0.161764705882353
"127",0.283582089552239,0.149253731343284,0.208955223880597,0.17910447761194,0.17910447761194
"128",0.342857142857143,0.157142857142857,0.157142857142857,0.157142857142857,0.185714285714286
"129",0.351351351351351,0.148648648648649,0.162162162162162,0.162162162162162,0.175675675675676
"130",0.333333333333333,0.180555555555556,0.180555555555556,0.152777777777778,0.152777777777778
"131",0.260869565217391,0.173913043478261,0.217391304347826,0.173913043478261,0.173913043478261
"132",0.236111111111111,0.166666666666667,0.222222222222222,0.208333333333333,0.166666666666667
"133",0.27710843373494,0.132530120481928,0.216867469879518,0.216867469879518,0.156626506024096
"134",0.228260869565217,0.108695652173913,0.271739130434783,0.25,0.141304347826087
"135",0.239130434782609,0.141304347826087,0.25,0.217391304347826,0.152173913043478
"136",0.2375,0.175,0.2875,0.1625,0.1375
"137",0.256756756756757,0.202702702702703,0.216216216216216,0.162162162162162,0.162162162162162
"138",0.3125,0.175,0.225,0.1625,0.125
"139",0.288659793814433,0.123711340206186,0.288659793814433,0.175257731958763,0.123711340206186
"140",0.311926605504587,0.0917431192660551,0.284403669724771,0.174311926605505,0.137614678899083
"141",0.308411214953271,0.102803738317757,0.242990654205607,0.158878504672897,0.186915887850467
"142",0.476190476190476,0.104761904761905,0.152380952380952,0.123809523809524,0.142857142857143
"143",0.433333333333333,0.122222222222222,0.133333333333333,0.144444444444444,0.166666666666667
"144",0.488636363636364,0.113636363636364,0.125,0.136363636363636,0.136363636363636
"145",0.421686746987952,0.120481927710843,0.132530120481928,0.168674698795181,0.156626506024096
"146",0.453488372093023,0.13953488372093,0.13953488372093,0.151162790697674,0.116279069767442
"147",0.415730337078652,0.134831460674157,0.123595505617978,0.123595505617978,0.202247191011236
"148",0.37,0.15,0.18,0.13,0.17
"149",0.34375,0.15625,0.166666666666667,0.145833333333333,0.1875
"150",0.380530973451327,0.15929203539823,0.20353982300885,0.132743362831858,0.123893805309735
"151",0.378947368421053,0.126315789473684,0.231578947368421,0.115789473684211,0.147368421052632
"152",0.343137254901961,0.137254901960784,0.235294117647059,0.147058823529412,0.137254901960784
"153",0.283950617283951,0.148148148148148,0.209876543209877,0.160493827160494,0.197530864197531
"154",0.384615384615385,0.120879120879121,0.21978021978022,0.131868131868132,0.142857142857143
"155",0.46,0.16,0.15,0.11,0.12
"156",0.523364485981308,0.121495327102804,0.130841121495327,0.121495327102804,0.102803738317757
"157",0.455445544554455,0.138613861386139,0.168316831683168,0.128712871287129,0.108910891089109
"158",0.385542168674699,0.132530120481928,0.192771084337349,0.144578313253012,0.144578313253012
"159",0.32,0.133333333333333,0.2,0.16,0.186666666666667
"160",0.258064516129032,0.118279569892473,0.21505376344086,0.172043010752688,0.236559139784946
"161",0.247311827956989,0.129032258064516,0.204301075268817,0.172043010752688,0.247311827956989
"162",0.24468085106383,0.138297872340426,0.223404255319149,0.148936170212766,0.24468085106383
"163",0.373333333333333,0.16,0.133333333333333,0.146666666666667,0.186666666666667
"164",0.454545454545455,0.159090909090909,0.125,0.113636363636364,0.147727272727273
"165",0.404255319148936,0.148936170212766,0.127659574468085,0.138297872340426,0.180851063829787
"166",0.435897435897436,0.179487179487179,0.11965811965812,0.11965811965812,0.145299145299145
"167",0.372881355932203,0.186440677966102,0.177966101694915,0.110169491525424,0.152542372881356
"168",0.37962962962963,0.185185185185185,0.194444444444444,0.101851851851852,0.138888888888889
"169",0.291139240506329,0.151898734177215,0.227848101265823,0.164556962025316,0.164556962025316
"170",0.227272727272727,0.166666666666667,0.212121212121212,0.227272727272727,0.166666666666667
"171",0.194805194805195,0.142857142857143,0.337662337662338,0.168831168831169,0.155844155844156
"172",0.176470588235294,0.129411764705882,0.4,0.141176470588235,0.152941176470588
"173",0.197674418604651,0.127906976744186,0.383720930232558,0.162790697674419,0.127906976744186
"174",0.2375,0.15,0.325,0.15,0.1375
"175",0.311688311688312,0.155844155844156,0.25974025974026,0.142857142857143,0.12987012987013
"176",0.256410256410256,0.153846153846154,0.320512820512821,0.141025641025641,0.128205128205128
"177",0.25,0.125,0.306818181818182,0.147727272727273,0.170454545454545
"178",0.229885057471264,0.114942528735632,0.333333333333333,0.149425287356322,0.172413793103448
"179",0.247058823529412,0.117647058823529,0.305882352941176,0.141176470588235,0.188235294117647
"180",0.2,0.146666666666667,0.333333333333333,0.146666666666667,0.173333333333333
"181",0.195121951219512,0.121951219512195,0.304878048780488,0.158536585365854,0.219512195121951
"182",0.204081632653061,0.102040816326531,0.346938775510204,0.173469387755102,0.173469387755102
"183",0.214285714285714,0.122448979591837,0.285714285714286,0.224489795918367,0.153061224489796
"184",0.26,0.13,0.29,0.18,0.14
"185",0.273584905660377,0.150943396226415,0.207547169811321,0.141509433962264,0.226415094339623
"186",0.315789473684211,0.140350877192982,0.175438596491228,0.12280701754386,0.245614035087719
"187",0.354838709677419,0.120967741935484,0.169354838709677,0.0967741935483871,0.258064516129032
"188",0.385321100917431,0.155963302752294,0.155963302752294,0.119266055045872,0.18348623853211
"189",0.42,0.15,0.13,0.14,0.16
"190",0.337209302325581,0.13953488372093,0.151162790697674,0.209302325581395,0.162790697674419
"191",0.341176470588235,0.141176470588235,0.164705882352941,0.164705882352941,0.188235294117647
"192",0.325,0.1625,0.15,0.2,0.1625
"193",0.283950617283951,0.148148148148148,0.234567901234568,0.172839506172839,0.160493827160494
"194",0.339285714285714,0.133928571428571,0.258928571428571,0.133928571428571,0.133928571428571
"195",0.30952380952381,0.119047619047619,0.285714285714286,0.150793650793651,0.134920634920635
"196",0.291970802919708,0.138686131386861,0.27007299270073,0.138686131386861,0.160583941605839
"197",0.30327868852459,0.122950819672131,0.245901639344262,0.114754098360656,0.213114754098361
"198",0.220338983050847,0.127118644067797,0.288135593220339,0.127118644067797,0.23728813559322
"199",0.213675213675214,0.102564102564103,0.35042735042735,0.11965811965812,0.213675213675214
"200",0.192307692307692,0.115384615384615,0.384615384615385,0.144230769230769,0.163461538461538
"201",0.144,0.112,0.488,0.12,0.136
"202",0.151785714285714,0.0892857142857143,0.464285714285714,0.116071428571429,0.178571428571429
"203",0.144230769230769,0.105769230769231,0.519230769230769,0.0961538461538462,0.134615384615385
"204",0.141025641025641,0.128205128205128,0.41025641025641,0.153846153846154,0.166666666666667
"205",0.144578313253012,0.144578313253012,0.433734939759036,0.120481927710843,0.156626506024096
"206",0.141509433962264,0.113207547169811,0.471698113207547,0.0943396226415094,0.179245283018868
"207",0.105769230769231,0.105769230769231,0.490384615384615,0.105769230769231,0.192307692307692
"208",0.150537634408602,0.10752688172043,0.397849462365591,0.10752688172043,0.236559139784946
"209",0.166666666666667,0.151515151515152,0.318181818181818,0.166666666666667,0.196969696969697
"210",0.222222222222222,0.138888888888889,0.236111111111111,0.222222222222222,0.180555555555556
"211",0.214285714285714,0.142857142857143,0.257142857142857,0.214285714285714,0.171428571428571
"212",0.25,0.171052631578947,0.223684210526316,0.197368421052632,0.157894736842105
"213",0.242857142857143,0.171428571428571,0.185714285714286,0.171428571428571,0.228571428571429
"214",0.25,0.180555555555556,0.194444444444444,0.152777777777778,0.222222222222222
"215",0.228571428571429,0.157142857142857,0.242857142857143,0.185714285714286,0.185714285714286
"216",0.211267605633803,0.169014084507042,0.28169014084507,0.183098591549296,0.154929577464789
"217",0.207547169811321,0.169811320754717,0.292452830188679,0.188679245283019,0.141509433962264
"218",0.240740740740741,0.166666666666667,0.287037037037037,0.175925925925926,0.12962962962963
"219",0.235772357723577,0.130081300813008,0.317073170731707,0.170731707317073,0.146341463414634
"220",0.197802197802198,0.10989010989011,0.384615384615385,0.153846153846154,0.153846153846154
"221",0.149425287356322,0.114942528735632,0.402298850574713,0.160919540229885,0.172413793103448
"222",0.173333333333333,0.133333333333333,0.386666666666667,0.146666666666667,0.16
"223",0.164383561643836,0.150684931506849,0.397260273972603,0.136986301369863,0.150684931506849
"224",0.235294117647059,0.141176470588235,0.317647058823529,0.152941176470588,0.152941176470588
"225",0.207792207792208,0.168831168831169,0.311688311688312,0.155844155844156,0.155844155844156
"226",0.229885057471264,0.137931034482759,0.32183908045977,0.137931034482759,0.172413793103448
"227",0.189189189189189,0.189189189189189,0.27027027027027,0.162162162162162,0.189189189189189
"228",0.2125,0.1625,0.3375,0.125,0.1625
"229",0.214285714285714,0.157142857142857,0.3,0.157142857142857,0.171428571428571
"230",0.215189873417722,0.139240506329114,0.316455696202532,0.177215189873418,0.151898734177215
"231",0.272727272727273,0.12987012987013,0.25974025974026,0.181818181818182,0.155844155844156
"232",0.240506329113924,0.164556962025316,0.278481012658228,0.177215189873418,0.139240506329114
"233",0.23943661971831,0.183098591549296,0.267605633802817,0.169014084507042,0.140845070422535
"234",0.223684210526316,0.236842105263158,0.223684210526316,0.184210526315789,0.131578947368421
"235",0.216216216216216,0.189189189189189,0.22972972972973,0.202702702702703,0.162162162162162
"236",0.230769230769231,0.205128205128205,0.243589743589744,0.179487179487179,0.141025641025641
"237",0.195402298850575,0.149425287356322,0.241379310344828,0.275862068965517,0.137931034482759
"238",0.157894736842105,0.115789473684211,0.263157894736842,0.315789473684211,0.147368421052632
"239",0.2,0.144444444444444,0.233333333333333,0.3,0.122222222222222
"240",0.207792207792208,0.155844155844156,0.246753246753247,0.233766233766234,0.155844155844156
"241",0.25,0.161764705882353,0.25,0.147058823529412,0.191176470588235
"242",0.22972972972973,0.175675675675676,0.27027027027027,0.162162162162162,0.162162162162162
"243",0.211267605633803,0.183098591549296,0.28169014084507,0.154929577464789,0.169014084507042
"244",0.242857142857143,0.185714285714286,0.257142857142857,0.157142857142857,0.157142857142857
"245",0.197183098591549,0.154929577464789,0.28169014084507,0.211267605633803,0.154929577464789
"246",0.2,0.133333333333333,0.266666666666667,0.266666666666667,0.133333333333333
"247",0.179487179487179,0.141025641025641,0.269230769230769,0.282051282051282,0.128205128205128
"248",0.223684210526316,0.144736842105263,0.25,0.25,0.131578947368421
"249",0.227848101265823,0.164556962025316,0.265822784810127,0.20253164556962,0.139240506329114
"250",0.206185567010309,0.175257731958763,0.257731958762887,0.247422680412371,0.11340206185567
"251",0.193877551020408,0.173469387755102,0.255102040816327,0.23469387755102,0.142857142857143
"252",0.2,0.147368421052632,0.231578947368421,0.242105263157895,0.178947368421053
"253",0.241379310344828,0.137931034482759,0.218390804597701,0.195402298850575,0.206896551724138
"254",0.27,0.13,0.26,0.14,0.2
"255",0.29126213592233,0.116504854368932,0.29126213592233,0.145631067961165,0.155339805825243
"256",0.339449541284404,0.100917431192661,0.293577981651376,0.100917431192661,0.165137614678899
"257",0.352941176470588,0.107843137254902,0.284313725490196,0.117647058823529,0.137254901960784
"258",0.345132743362832,0.123893805309735,0.238938053097345,0.123893805309735,0.168141592920354
"259",0.277777777777778,0.12037037037037,0.268518518518519,0.138888888888889,0.194444444444444
"260",0.244897959183673,0.122448979591837,0.285714285714286,0.13265306122449,0.214285714285714
"261",0.168539325842697,0.134831460674157,0.337078651685393,0.146067415730337,0.213483146067416
"262",0.150537634408602,0.118279569892473,0.483870967741935,0.10752688172043,0.139784946236559
"263",0.181818181818182,0.0909090909090909,0.445454545454545,0.154545454545455,0.127272727272727
"264",0.166666666666667,0.111111111111111,0.416666666666667,0.175925925925926,0.12962962962963
"265",0.145833333333333,0.125,0.28125,0.239583333333333,0.208333333333333
"266",0.13265306122449,0.102040816326531,0.326530612244898,0.173469387755102,0.26530612244898
"267",0.152173913043478,0.108695652173913,0.33695652173913,0.141304347826087,0.260869565217391
"268",0.149425287356322,0.114942528735632,0.344827586206897,0.149425287356322,0.241379310344828
"269",0.194805194805195,0.12987012987013,0.272727272727273,0.168831168831169,0.233766233766234
"270",0.223684210526316,0.144736842105263,0.276315789473684,0.144736842105263,0.210526315789474
"271",0.2,0.15,0.3125,0.1625,0.175
"272",0.1625,0.175,0.325,0.1875,0.15
"273",0.166666666666667,0.154761904761905,0.357142857142857,0.178571428571429,0.142857142857143
"274",0.168674698795181,0.132530120481928,0.385542168674699,0.168674698795181,0.144578313253012
"275",0.173469387755102,0.122448979591837,0.418367346938776,0.153061224489796,0.13265306122449
"276",0.191919191919192,0.131313131313131,0.292929292929293,0.191919191919192,0.191919191919192
"277",0.210084033613445,0.134453781512605,0.319327731092437,0.151260504201681,0.184873949579832
"278",0.240384615384615,0.105769230769231,0.326923076923077,0.163461538461538,0.163461538461538
"279",0.19811320754717,0.0943396226415094,0.39622641509434,0.132075471698113,0.179245283018868
"280",0.144329896907216,0.103092783505155,0.443298969072165,0.175257731958763,0.134020618556701
"281",0.155339805825243,0.106796116504854,0.427184466019417,0.184466019417476,0.12621359223301
"282",0.151260504201681,0.109243697478992,0.478991596638655,0.159663865546218,0.100840336134454
"283",0.124031007751938,0.0930232558139535,0.558139534883721,0.116279069767442,0.108527131782946
"284",0.096,0.096,0.584,0.104,0.12
"285",0.101851851851852,0.12037037037037,0.518518518518518,0.12037037037037,0.138888888888889
"286",0.141304347826087,0.119565217391304,0.445652173913043,0.16304347826087,0.130434782608696
"287",0.120879120879121,0.10989010989011,0.450549450549451,0.175824175824176,0.142857142857143
"288",0.130952380952381,0.119047619047619,0.428571428571429,0.166666666666667,0.154761904761905
"289",0.142857142857143,0.142857142857143,0.428571428571429,0.12987012987013,0.155844155844156
"290",0.150684931506849,0.150684931506849,0.397260273972603,0.136986301369863,0.164383561643836
"291",0.131578947368421,0.144736842105263,0.407894736842105,0.144736842105263,0.171052631578947
"292",0.148648648648649,0.148648648648649,0.337837837837838,0.148648648648649,0.216216216216216
"293",0.159420289855072,0.144927536231884,0.304347826086957,0.173913043478261,0.217391304347826
"294",0.157142857142857,0.142857142857143,0.228571428571429,0.185714285714286,0.285714285714286
"295",0.135135135135135,0.135135135135135,0.22972972972973,0.216216216216216,0.283783783783784
"296",0.155844155844156,0.142857142857143,0.220779220779221,0.194805194805195,0.285714285714286
"297",0.148648648648649,0.135135135135135,0.297297297297297,0.175675675675676,0.243243243243243
"298",0.109090909090909,0.109090909090909,0.372727272727273,0.2,0.209090909090909
"299",0.109090909090909,0.109090909090909,0.390909090909091,0.209090909090909,0.181818181818182
"300",0.142857142857143,0.107142857142857,0.383928571428571,0.205357142857143,0.160714285714286
"301",0.252631578947368,0.105263157894737,0.368421052631579,0.136842105263158,0.136842105263158
"302",0.222222222222222,0.101851851851852,0.398148148148148,0.101851851851852,0.175925925925926
"303",0.224137931034483,0.103448275862069,0.379310344827586,0.120689655172414,0.172413793103448
"304",0.162162162162162,0.117117117117117,0.405405405405405,0.144144144144144,0.171171171171171
"305",0.194444444444444,0.138888888888889,0.444444444444444,0.111111111111111,0.111111111111111
"306",0.2,0.13,0.47,0.1,0.1
"307",0.202247191011236,0.112359550561798,0.404494382022472,0.134831460674157,0.146067415730337
"308",0.157894736842105,0.131578947368421,0.368421052631579,0.157894736842105,0.184210526315789
"309",0.131578947368421,0.144736842105263,0.368421052631579,0.157894736842105,0.197368421052632
"310",0.189189189189189,0.135135135135135,0.351351351351351,0.162162162162162,0.162162162162162
"311",0.150684931506849,0.164383561643836,0.328767123287671,0.178082191780822,0.178082191780822
"312",0.152941176470588,0.152941176470588,0.305882352941176,0.211764705882353,0.176470588235294
"313",0.148148148148148,0.12962962962963,0.37962962962963,0.222222222222222,0.12037037037037
"314",0.106870229007634,0.129770992366412,0.480916030534351,0.183206106870229,0.099236641221374
"315",0.129770992366412,0.106870229007634,0.50381679389313,0.175572519083969,0.083969465648855
"316",0.153846153846154,0.144230769230769,0.442307692307692,0.163461538461538,0.0961538461538462
"317",0.215189873417722,0.164556962025316,0.316455696202532,0.164556962025316,0.139240506329114
"318",0.223880597014925,0.149253731343284,0.253731343283582,0.17910447761194,0.194029850746269
"319",0.227272727272727,0.166666666666667,0.227272727272727,0.166666666666667,0.212121212121212
"320",0.191176470588235,0.220588235294118,0.264705882352941,0.147058823529412,0.176470588235294
"321",0.2,0.215384615384615,0.261538461538462,0.169230769230769,0.153846153846154
"322",0.189189189189189,0.189189189189189,0.297297297297297,0.148648648648649,0.175675675675676
"323",0.269662921348315,0.168539325842697,0.292134831460674,0.134831460674157,0.134831460674157
"324",0.223300970873786,0.155339805825243,0.339805825242718,0.135922330097087,0.145631067961165
"325",0.25,0.12962962962963,0.333333333333333,0.175925925925926,0.111111111111111
"326",0.198019801980198,0.138613861386139,0.326732673267327,0.188118811881188,0.148514851485149
"327",0.212765957446809,0.138297872340426,0.276595744680851,0.191489361702128,0.180851063829787
"328",0.206896551724138,0.126436781609195,0.252873563218391,0.195402298850575,0.218390804597701
"329",0.223529411764706,0.117647058823529,0.294117647058824,0.152941176470588,0.211764705882353
"330",0.2625,0.125,0.225,0.1375,0.25
"331",0.256756756756757,0.162162162162162,0.22972972972973,0.135135135135135,0.216216216216216
"332",0.342105263157895,0.144736842105263,0.223684210526316,0.131578947368421,0.157894736842105
"333",0.348214285714286,0.107142857142857,0.339285714285714,0.0982142857142857,0.107142857142857
"334",0.336,0.088,0.36,0.104,0.112
"335",0.32258064516129,0.0887096774193548,0.354838709677419,0.120967741935484,0.112903225806452
"336",0.292134831460674,0.146067415730337,0.258426966292135,0.157303370786517,0.146067415730337
"337",0.306122448979592,0.204081632653061,0.183673469387755,0.153061224489796,0.153061224489796
"338",0.274725274725275,0.21978021978022,0.164835164835165,0.186813186813187,0.153846153846154
"339",0.252747252747253,0.197802197802198,0.186813186813187,0.186813186813187,0.175824175824176
"340",0.22972972972973,0.175675675675676,0.22972972972973,0.162162162162162,0.202702702702703
"341",0.176470588235294,0.129411764705882,0.364705882352941,0.117647058823529,0.211764705882353
"342",0.174418604651163,0.116279069767442,0.337209302325581,0.116279069767442,0.255813953488372
"343",0.155555555555556,0.122222222222222,0.311111111111111,0.122222222222222,0.288888888888889
"344",0.1875,0.125,0.225,0.15,0.3125
"345",0.151785714285714,0.0982142857142857,0.294642857142857,0.169642857142857,0.285714285714286
"346",0.154545454545455,0.118181818181818,0.309090909090909,0.154545454545455,0.263636363636364
"347",0.121739130434783,0.104347826086957,0.31304347826087,0.130434782608696,0.330434782608696
"348",0.117021276595745,0.117021276595745,0.308510638297872,0.117021276595745,0.340425531914894
"349",0.125,0.134615384615385,0.336538461538462,0.144230769230769,0.259615384615385
"350",0.115702479338843,0.140495867768595,0.371900826446281,0.132231404958678,0.239669421487603
"351",0.210144927536232,0.13768115942029,0.304347826086957,0.130434782608696,0.217391304347826
"352",0.175257731958763,0.247422680412371,0.144329896907216,0.175257731958763,0.257731958762887
"353",0.206896551724138,0.183908045977011,0.183908045977011,0.172413793103448,0.252873563218391
"354",0.181818181818182,0.155844155844156,0.194805194805195,0.207792207792208,0.25974025974026
"355",0.222222222222222,0.19047619047619,0.174603174603175,0.222222222222222,0.19047619047619
"356",0.2,0.2,0.2,0.2,0.2
"357",0.192307692307692,0.166666666666667,0.243589743589744,0.205128205128205,0.192307692307692
"358",0.276595744680851,0.138297872340426,0.212765957446809,0.202127659574468,0.170212765957447
"359",0.324324324324324,0.126126126126126,0.243243243243243,0.162162162162162,0.144144144144144
"360",0.366071428571429,0.133928571428571,0.205357142857143,0.1875,0.107142857142857
"361",0.320754716981132,0.150943396226415,0.264150943396226,0.150943396226415,0.113207547169811
"362",0.273684210526316,0.189473684210526,0.178947368421053,0.189473684210526,0.168421052631579
"363",0.223529411764706,0.2,0.235294117647059,0.211764705882353,0.129411764705882
"364",0.215189873417722,0.215189873417722,0.164556962025316,0.253164556962025,0.151898734177215
"365",0.263157894736842,0.197368421052632,0.157894736842105,0.25,0.131578947368421
"366",0.279569892473118,0.172043010752688,0.118279569892473,0.268817204301075,0.161290322580645
"367",0.26530612244898,0.163265306122449,0.13265306122449,0.23469387755102,0.204081632653061
"368",0.25,0.177083333333333,0.135416666666667,0.260416666666667,0.177083333333333
"369",0.17910447761194,0.208955223880597,0.17910447761194,0.253731343283582,0.17910447761194
"370",0.184615384615385,0.2,0.2,0.246153846153846,0.169230769230769
"371",0.1875,0.2,0.2125,0.2,0.2
"372",0.183908045977011,0.160919540229885,0.275862068965517,0.218390804597701,0.160919540229885
"373",0.189473684210526,0.2,0.231578947368421,0.157894736842105,0.221052631578947
"374",0.188235294117647,0.258823529411765,0.188235294117647,0.141176470588235,0.223529411764706
"375",0.234567901234568,0.222222222222222,0.160493827160494,0.135802469135802,0.246913580246914
"376",0.209876543209877,0.172839506172839,0.222222222222222,0.209876543209877,0.185185185185185
"377",0.265822784810127,0.151898734177215,0.20253164556962,0.215189873417722,0.164556962025316
"378",0.313953488372093,0.162790697674419,0.162790697674419,0.22093023255814,0.13953488372093
"379",0.422222222222222,0.144444444444444,0.155555555555556,0.155555555555556,0.122222222222222
"380",0.435643564356436,0.128712871287129,0.148514851485149,0.168316831683168,0.118811881188119
"381",0.396039603960396,0.128712871287129,0.178217821782178,0.148514851485149,0.148514851485149
"382",0.340909090909091,0.147727272727273,0.193181818181818,0.159090909090909,0.159090909090909
"383",0.320512820512821,0.141025641025641,0.217948717948718,0.153846153846154,0.166666666666667
"384",0.232558139534884,0.174418604651163,0.244186046511628,0.151162790697674,0.197674418604651
"385",0.211111111111111,0.133333333333333,0.311111111111111,0.122222222222222,0.222222222222222
"386",0.192307692307692,0.115384615384615,0.346153846153846,0.134615384615385,0.211538461538462
"387",0.22,0.13,0.33,0.16,0.16
"388",0.225806451612903,0.150537634408602,0.301075268817204,0.139784946236559,0.182795698924731
"389",0.179487179487179,0.128205128205128,0.256410256410256,0.217948717948718,0.217948717948718
"390",0.166666666666667,0.138888888888889,0.25,0.208333333333333,0.236111111111111
"391",0.163265306122449,0.153061224489796,0.244897959183673,0.163265306122449,0.275510204081633
"392",0.211009174311927,0.128440366972477,0.229357798165138,0.165137614678899,0.26605504587156
"393",0.230769230769231,0.153846153846154,0.201923076923077,0.125,0.288461538461538
"394",0.275862068965517,0.149425287356322,0.160919540229885,0.149425287356322,0.264367816091954
"395",0.26027397260274,0.191780821917808,0.191780821917808,0.150684931506849,0.205479452054795
"396",0.263157894736842,0.197368421052632,0.171052631578947,0.184210526315789,0.184210526315789
"397",0.291666666666667,0.194444444444444,0.180555555555556,0.152777777777778,0.180555555555556
"398",0.234567901234568,0.160493827160494,0.234567901234568,0.185185185185185,0.185185185185185
"399",0.246913580246914,0.160493827160494,0.246913580246914,0.185185185185185,0.160493827160494
"400",0.253012048192771,0.144578313253012,0.240963855421687,0.180722891566265,0.180722891566265
"401",0.209302325581395,0.174418604651163,0.232558139534884,0.174418604651163,0.209302325581395
"402",0.2,0.152941176470588,0.258823529411765,0.141176470588235,0.247058823529412
"403",0.175,0.1625,0.2625,0.1625,0.2375
"404",0.207317073170732,0.170731707317073,0.219512195121951,0.219512195121951,0.182926829268293
"405",0.21505376344086,0.129032258064516,0.236559139784946,0.247311827956989,0.172043010752688
"406",0.22680412371134,0.134020618556701,0.237113402061856,0.206185567010309,0.195876288659794
"407",0.180851063829787,0.117021276595745,0.223404255319149,0.212765957446809,0.265957446808511
"408",0.162790697674419,0.10077519379845,0.186046511627907,0.178294573643411,0.372093023255814
"409",0.144927536231884,0.072463768115942,0.166666666666667,0.202898550724638,0.41304347826087
"410",0.181818181818182,0.0757575757575758,0.196969696969697,0.196969696969697,0.348484848484849
"411",0.229166666666667,0.145833333333333,0.28125,0.135416666666667,0.208333333333333
"412",0.26530612244898,0.122448979591837,0.26530612244898,0.142857142857143,0.204081632653061
"413",0.254098360655738,0.0983606557377049,0.237704918032787,0.139344262295082,0.270491803278689
"414",0.23015873015873,0.126984126984127,0.174603174603175,0.119047619047619,0.349206349206349
"415",0.203125,0.1484375,0.15625,0.109375,0.3828125
"416",0.23015873015873,0.174603174603175,0.166666666666667,0.103174603174603,0.325396825396825
"417",0.264462809917355,0.148760330578512,0.15702479338843,0.0991735537190083,0.330578512396694
"418",0.236842105263158,0.131578947368421,0.210526315789474,0.105263157894737,0.315789473684211
"419",0.175925925925926,0.0925925925925926,0.240740740740741,0.101851851851852,0.388888888888889
"420",0.172727272727273,0.1,0.245454545454545,0.0909090909090909,0.390909090909091
"421",0.201680672268908,0.109243697478992,0.210084033613445,0.100840336134454,0.378151260504202
"422",0.24,0.096,0.2,0.096,0.368
"423",0.205357142857143,0.116071428571429,0.178571428571429,0.107142857142857,0.392857142857143
"424",0.214285714285714,0.112244897959184,0.23469387755102,0.112244897959184,0.326530612244898
"425",0.186666666666667,0.133333333333333,0.24,0.173333333333333,0.266666666666667
"426",0.180722891566265,0.120481927710843,0.265060240963855,0.180722891566265,0.253012048192771
"427",0.178082191780822,0.136986301369863,0.205479452054795,0.205479452054795,0.273972602739726
"428",0.231884057971014,0.144927536231884,0.217391304347826,0.159420289855072,0.246376811594203
"429",0.230769230769231,0.169230769230769,0.246153846153846,0.153846153846154,0.2
"430",0.233766233766234,0.12987012987013,0.324675324675325,0.12987012987013,0.181818181818182
"431",0.211538461538462,0.105769230769231,0.413461538461538,0.105769230769231,0.163461538461538
"432",0.25,0.111111111111111,0.37962962962963,0.0925925925925926,0.166666666666667
"433",0.272727272727273,0.107438016528926,0.330578512396694,0.107438016528926,0.181818181818182
"434",0.384,0.096,0.24,0.128,0.152
"435",0.369747899159664,0.109243697478992,0.226890756302521,0.168067226890756,0.126050420168067
"436",0.401869158878505,0.149532710280374,0.168224299065421,0.130841121495327,0.149532710280374
"437",0.307692307692308,0.192307692307692,0.166666666666667,0.153846153846154,0.179487179487179
"438",0.243243243243243,0.189189189189189,0.202702702702703,0.175675675675676,0.189189189189189
"439",0.208333333333333,0.194444444444444,0.222222222222222,0.194444444444444,0.180555555555556
"440",0.156626506024096,0.168674698795181,0.240963855421687,0.265060240963855,0.168674698795181
"441",0.238636363636364,0.125,0.204545454545455,0.238636363636364,0.193181818181818
"442",0.290322580645161,0.139784946236559,0.204301075268817,0.182795698924731,0.182795698924731
"443",0.326086956521739,0.16304347826087,0.184782608695652,0.152173913043478,0.173913043478261
"444",0.38,0.17,0.13,0.15,0.17
"445",0.347826086956522,0.130434782608696,0.152173913043478,0.195652173913043,0.173913043478261
"446",0.34020618556701,0.134020618556701,0.216494845360825,0.185567010309278,0.123711340206186
"447",0.255555555555556,0.133333333333333,0.3,0.166666666666667,0.144444444444444
"448",0.204301075268817,0.139784946236559,0.333333333333333,0.161290322580645,0.161290322580645
